p     | A   | B   | Peso (fracción exacta)                   | %            | Acumulado % 
--------------------------------------------------------------------------------------------------------------
1     | 0   | 1   | 1/2                                      | 50.000000    | 50.000000   
3     | 1   | 2   | 1/12                                     | 8.333333     | 58.333333   
4     | 1   | 3   | 1/12                                     | 8.333333     | 66.666666   
6     | 2   | 4   | 11/144                                   | 7.638888     | 74.305555   
7     | 2   | 5   | 1/72                                     | 1.388888     | 75.694444   
8     | 3   | 5   | 5/432                                    | 1.157407     | 76.851851   
9     | 3   | 6   | 37/864                                   | 4.282407     | 81.134259   
11    | 4   | 7   | 245/10368                                | 2.363040     | 83.497299   
12    | 4   | 8   | 137/10368                                | 1.321373     | 84.818672   
13    | 5   | 8   | 91/62208                                 | 0.146283     | 84.964956   
14    | 5   | 9   | 1711/62208                               | 2.750450     | 87.715406   
16    | 6   | 10  | 11/1296                                  | 0.848765     | 88.564171   
17    | 6   | 11  | 2689/248832                              | 1.080648     | 89.644820   
19    | 7   | 12  | 67795/4478976                            | 1.513627     | 91.158447   
20    | 7   | 13  | 15707/8957952                            | 0.175341     | 91.333789   
21    | 8   | 13  | 162379/53747712                          | 0.302113     | 91.635902   
22    | 8   | 14  | 496279/53747712                          | 0.923349     | 92.559251   
24    | 9   | 15  | 1537303/214990848                        | 0.715055     | 93.274306   
25    | 9   | 16  | 334093/107495424                         | 0.310797     | 93.585104   
26    | 10  | 16  | 270907/322486272                         | 0.084005     | 93.669109   
27    | 10  | 17  | 80561/10077696                           | 0.799398     | 94.468508   
29    | 11  | 18  | 51902855/15479341056                     | 0.335304     | 94.803812   
30    | 11  | 19  | 6508891/1934917632                       | 0.336391     | 95.140204   
32    | 12  | 20  | 148257341/23219011584                    | 0.638517     | 95.778721   
33    | 12  | 21  | 27260083/185752092672                    | 0.014675     | 95.793396   
34    | 13  | 21  | 1639871843/1114512556032                 | 0.147138     | 95.940534   
35    | 13  | 22  | 1787508691/557256278016                  | 0.320769     | 96.261304   
37    | 14  | 23  | 136706008999/40122452017152              | 0.340721     | 96.602026   
38    | 14  | 24  | 38751438175/40122452017152               | 0.096582     | 96.698609   
39    | 15  | 24  | 132588234701/240734712102912             | 0.055076     | 96.753685   
40    | 15  | 25  | 191081695475/60183678025728              | 0.317497     | 97.071183   
42    | 16  | 26  | 2572153924015/1444408272617472           | 0.178076     | 97.249259   
43    | 16  | 27  | 3796831372379/2888816545234944           | 0.131432     | 97.380691   
44    | 17  | 27  | 1586510572075/17332899271409664          | 0.009153     | 97.389845   
45    | 17  | 28  | 51002954891233/17332899271409664         | 0.294255     | 97.684100   
47    | 18  | 29  | 60725516211607/69331597085638656         | 0.087587     | 97.771687   
48    | 18  | 30  | 48014596205863/34665798542819328         | 0.138507     | 97.910194   
50    | 19  | 31  | 2422232796678025/1247968747541495808     | 0.194094     | 98.104288   
51    | 19  | 32  | 376677666287143/1247968747541495808      | 0.030183     | 98.134471   
52    | 20  | 32  | 5735747576963599/14975624970497949696    | 0.038300     | 98.172772   
53    | 20  | 33  | 2704280543070581/1871953121312243712     | 0.144463     | 98.317235   
55    | 21  | 34  | 48463269849228929/44926874911493849088    | 0.107871     | 98.425106   
56    | 21  | 35  | 100223714027845505/179707499645975396352  | 0.055770     | 98.480877   
57    | 22  | 35  | 125788259489738545/1078244997875852378112  | 0.011666     | 98.492543   
58    | 22  | 36  | 1548172459175980987/1078244997875852378112 | 0.143582     | 98.636125   
60    | 23  | 37  | 2464204334092107983/4312979991503409512448 | 0.057134     | 98.693260   
61    | 23  | 38  | 951641154180446777/1437659997167803170816  | 0.066193     | 98.759454   
63    | 24  | 39  | 10468778298809329159/8625959983006819024896 | 0.121363     | 98.880817   
64    | 24  | 40  | 18948458903527009/319479999370622926848   | 0.005931     | 98.886748   
65    | 25  | 40  | 2371365597303557707/8625959983006819024896 | 0.027491     | 98.914239   
66    | 25  | 41  | 1341366632508319255/1916879996223737561088 | 0.069976     | 98.984216   
68    | 26  | 42  | 3926319690957285450677/5589622068988418728132608 | 0.070243     | 99.054459   
69    | 26  | 43  | 1318361581672972210361/5589622068988418728132608 | 0.023585     | 99.078045   
70    | 27  | 43  | 3617534208129871543633/33537732413930512368795648 | 0.010786     | 99.088831   
71    | 27  | 44  | 12431224633936882308539/16768866206965256184397824 | 0.074132     | 99.162964   
73    | 28  | 45  | 13137428143461032128031/33537732413930512368795648 | 0.039172     | 99.202136   
74    | 28  | 46  | 3251776568992235966477/9937105900423855516680192 | 0.032723     | 99.234860   
75    | 29  | 46  | 3673444163262541529345/268301859311444098950365184 | 0.001369     | 99.236229   
76    | 29  | 47  | 65186210487452687832437/89433953103814699650121728 | 0.072887     | 99.309116   
78    | 30  | 48  | 11727462181363275788519323/57953201611271925373278879744 | 0.020236     | 99.329353   
79    | 30  | 49  | 20826120838619438782203175/57953201611271925373278879744 | 0.035936     | 99.365289   
81    | 31  | 50  | 13889914701321599922949447/28976600805635962686639439872 | 0.047934     | 99.413224   
82    | 31  | 51  | 2358213975567634943047339/25756978493898633499235057664 | 0.009155     | 99.422379   
83    | 32  | 51  | 1763201930272248362782351/19317733870423975124426293248 | 0.009127     | 99.431507   
84    | 32  | 52  | 183424558523651880636689869/463625612890175402986231037952 | 0.039563     | 99.471070   
86    | 33  | 53  | 4630849607836642336255859029/16690522064046314507504317366272 | 0.027745     | 99.498815   
87    | 33  | 54  | 2704947979051553270059247419/16690522064046314507504317366272 | 0.016206     | 99.515022   
88    | 34  | 54  | 2655293034822222819834543695/100143132384277887045025904197632 | 0.002651     | 99.517673   
89    | 34  | 55  | 40813605521889049128768897029/100143132384277887045025904197632 | 0.040755     | 99.558428   
91    | 35  | 56  | 136646868624814193294307720647/901288191458500983405233137778688 | 0.015161     | 99.573590   
92    | 35  | 57  | 351703952324784147371269668829/1802576382917001966810466275557376 | 0.019511     | 99.593101   
94    | 36  | 58  | 7308382522863975722360964313781/21630916595004023601725595306688512 | 0.033786     | 99.626888   
95    | 36  | 59  | 1112665003901849541808241286805/43261833190008047203451190613377024 | 0.002571     | 99.629459   
96    | 37  | 59  | 9672575062804055430530918320537/129785499570024141610353571840131072 | 0.007452     | 99.636912   
97    | 37  | 60  | 55716300303638821427581373849657/259570999140048283220707143680262144 | 0.021464     | 99.658377   
99    | 38  | 61  | 208728684325765814495890710666935/1038283996560193132882828574721048576 | 0.020103     | 99.678480   
100   | 38  | 62  | 80507484229253985454584692609059/1038283996560193132882828574721048576 | 0.007753     | 99.686234   
101   | 39  | 62  | 179777460984006554678164377153155/6229703979361158797296971448326291456 | 0.002885     | 99.689120   
102   | 39  | 63  | 1445146396922700081950021077369385/6229703979361158797296971448326291456 | 0.023197     | 99.712318   
104   | 40  | 64  | 713561563527516384455077690200473/6229703979361158797296971448326291456 | 0.011454     | 99.723772   
105   | 40  | 65  | 82624037659038481396392638198801/778712997420144849662121431040786432 | 0.010610     | 99.734382   
106   | 41  | 65  | 35703213438379735491106519853365/18689111938083476391890914344978874368 | 0.000191     | 99.734573   
107   | 41  | 66  | 4350857936527015965222057256308307/18689111938083476391890914344978874368 | 0.023280     | 99.757853   
